445 103 2325 322 -> 18782, 18000
445 103 2325 1075 -> 5194, 4968
445 103 2325 1306 -> 1653, 1386
445 103 2325 -> 25632, 24354
445 103 -> 25633, 24354
445 2325 103 322 -> 18782, 18000
445 2325 103 1075 -> 5194, 4968
445 2325 103 1306 -> 1653, 1386
445 2325 103 -> 25632, 24354
445 2325 -> 25633, 24354
445 -> 51268, 48708
